s 1 92
s 2 83
s 3 80
s 4 90
s 5 91
s 6 82
s 7 88
s 8 85
s 9 96
1 2 99
1 3 88
1 4 89
1 5 91
1 6 96
1 7 93
1 8 85
1 9 85
2 1 99
2 3 91
2 4 88
2 5 89
2 6 85
2 7 88
2 8 91
2 9 82
3 1 88
3 2 91
3 4 98
3 5 86
3 6 80
3 7 87
3 8 99
3 9 80
4 1 89
4 2 88
4 3 98
4 5 89
4 6 86
4 7 86
4 8 94
4 9 87
5 1 91
5 2 89
5 3 86
5 4 89
5 6 86
5 7 95
5 8 100
5 9 99
6 1 96
6 2 85
6 3 80
6 4 86
6 5 86
6 7 98
6 8 95
6 9 83
7 1 93
7 2 88
7 3 87
7 4 86
7 5 95
7 6 98
7 8 100
7 9 84
8 1 85
8 2 91
8 3 99
8 4 94
8 5 100
8 6 95
8 7 100
8 9 90
1 t 85
2 t 82
3 t 80
4 t 87
5 t 99
6 t 83
7 t 84
8 t 90
